,0,1,2,3,4,5,6,7,8,9,10,11,12
0,0.0,0.002,0.0,0.003,0.001,0.002333333333333333,0.9523333333333333,0.003,0.0,0.005,0.012,0.01933333333333333,6.0
1,0.07016666666666665,0.02333333333333333,0.21383333333333332,0.09583333333333333,0.25266666666666665,0.16983333333333334,0.01583333333333333,0.03,0.05716666666666667,0.04766666666666666,0.005666666666666666,0.018,4.0
2,0.6048333333333333,0.001,0.06,0.09416666666666666,0.066,0.031999999999999994,0.003,0.035,0.007333333333333333,0.08466666666666665,0.002,0.01,0.0
3,0.08226666666666667,0.0036666666666666666,0.4568333333333333,0.22833333333333336,0.034,0.04433333333333333,0.013,0.0165,0.014,0.0384,0.007,0.06166666666666667,2.0
4,0.007,0.8216666666666667,0.03,0.019666666666666666,0.003,0.013,0.013,0.028,0.0166,0.014066666666666667,0.018,0.016,1.0
5,0.007,0.002,0.011333333333333332,0.949,0.002,0.0,0.002,0.003,0.001,0.012666666666666666,0.003,0.007,3.0
6,0.0,0.9773333333333333,0.003,0.0,0.0,0.001,0.004,0.004,0.004,0.0,0.0026666666666666666,0.004,1.0
7,0.049666666666666665,0.003333333333333333,0.074,0.7386666666666667,0.031,0.04833333333333333,0.001,0.014,0.005,0.029,0.0,0.006,3.0
8,0.005,0.0,0.03266666666666667,0.901,0.023,0.001,0.0,0.006333333333333333,0.003333333333333333,0.02766666666666667,0.0,0.0,3.0
9,0.0,0.0,0.008666666666666668,0.979,0.0,0.001,0.004666666666666666,0.002,0.0,0.004666666666666667,0.0,0.0,3.0
10,0.033666666666666664,0.0,0.08766666666666666,0.7376666666666666,0.013,0.008333333333333331,0.003,0.028666666666666667,0.006,0.06633333333333334,0.004,0.011666666666666665,3.0
11,0.0,0.003,0.004,0.004,0.002,0.004,0.9373333333333334,0.009,0.002,0.003,0.004,0.02766666666666667,6.0
12,0.13233333333333333,0.003,0.036333333333333336,0.17213333333333336,0.43673333333333336,0.08366666666666665,0.012333333333333332,0.016666666666666663,0.006,0.0838,0.006,0.010999999999999998,4.0
13,0.012333333333333333,0.034,0.01,0.022333333333333334,0.005,0.0028666666666666662,0.0665,0.012666666666666666,0.005,0.021666666666666664,0.023,0.7846333333333332,11.0
14,0.0,0.0,0.002,0.001,0.0,0.0015,0.977,0.0045,0.0,0.0,0.002,0.012,6.0
15,0.017333333333333336,0.004,0.04853333333333333,0.037,0.059,0.7586666666666667,0.016,0.0026666666666666666,0.0208,0.013999999999999999,0.01,0.012,5.0
16,0.0,0.0,0.0,0.0,0.0,0.0,0.0,0.0006666666666666666,0.0,0.0,0.9313333333333333,0.068,10.0
17,0.002,0.0,0.006,0.9783333333333334,0.0,0.0006666666666666666,0.0,0.004,0.0,0.007,0.002,0.0,3.0
18,0.05613333333333334,0.0,0.038,0.116,0.7132000000000001,0.015,0.005,0.004,0.0,0.04566666666666666,0.0,0.007,4.0
19,0.1014,0.002,0.029866666666666663,0.716,0.0405,0.0176,0.009800000000000001,0.026,0.010833333333333334,0.022,0.008,0.015999999999999997,3.0
20,0.002,0.004,0.9170000000000001,0.008,0.016666666666666663,0.008,0.002,0.01,0.008666666666666666,0.015666666666666666,0.002,0.006,2.0
21,0.5597333333333333,0.0016666666666666666,0.024333333333333335,0.054,0.23933333333333334,0.010333333333333332,0.006999999999999999,0.005,0.002,0.09359999999999999,0.0,0.003,0.0
22,0.0,0.992,0.0,0.002,0.0,0.0006666666666666666,0.0,0.002,0.0,0.0,0.002,0.0013333333333333333,1.0
23,0.0,0.0,0.0,0.002,0.002,0.009,0.974,0.005,0.0,0.0,0.002,0.006,6.0
24,0.066,0.0,0.053333333333333344,0.15566666666666668,0.6448333333333333,0.009,0.0035,0.02,0.002,0.043666666666666666,0.0,0.002,4.0
25,0.006,0.007333333333333333,0.034666666666666665,0.007333333333333333,0.028333333333333332,0.8661666666666668,0.006833333333333333,0.006,0.005,0.013666666666666666,0.0026666666666666666,0.016,5.0
26,0.07766666666666666,0.002,0.03233333333333333,0.099,0.658,0.023333333333333334,0.006,0.012333333333333332,0.003,0.07933333333333334,0.003,0.004,4.0
27,0.0,0.0,0.0,0.002,0.0,0.002,0.014,0.0,0.0,0.0,0.0,0.982,11.0
28,0.003,0.001,0.9323333333333332,0.01933333333333333,0.013333333333333332,0.004,0.003333333333333333,0.005,0.006666666666666667,0.008,0.0,0.004,2.0
29,0.0015,0.0,0.001,0.007333333333333333,0.0005,0.0,0.002,0.0,0.0,0.002,0.976,0.009666666666666667,10.0
30,0.0,0.0,0.0,0.0,0.0,0.004,0.9806666666666668,0.0,0.0,0.0,0.002,0.013333333333333332,6.0
31,0.06806666666666666,0.015433333333333332,0.043399999999999994,0.16216666666666665,0.022999999999999996,0.01633333333333333,0.13216666666666668,0.3248,0.0,0.1365,0.012533333333333334,0.0656,7.0
32,0.12416666666666666,0.0,0.024833333333333332,0.7405000000000002,0.03066666666666667,0.019666666666666666,0.009666666666666665,0.005333333333333333,0.006,0.03216666666666666,0.0,0.007,3.0
33,0.0427,0.011,0.07213333333333333,0.20413333333333336,0.026533333333333332,0.042666666666666665,0.02033333333333333,0.04066666666666667,0.04783333333333334,0.4066666666666666,0.008666666666666666,0.07666666666666666,9.0
34,0.0,0.0,0.002,0.004,0.006,0.0,0.002,0.0,0.985,0.0,0.001,0.0,8.0
35,0.01633333333333333,0.004666666666666666,0.006333333333333333,0.020666666666666667,0.005333333333333333,0.009666666666666665,0.8096666666666666,0.013,0.004,0.015333333333333332,0.01,0.085,6.0
36,0.004,0.002,0.002,0.0,0.0,0.0,0.0,0.0,0.983,0.0,0.0,0.009,8.0
37,0.0348,0.002333333333333333,0.015,0.025,0.902,0.005,0.0032,0.003,0.0,0.005666666666666666,0.0,0.004,4.0
38,0.05940000000000001,0.005666666666666666,0.060333333333333336,0.05783333333333333,0.7052666666666666,0.04933333333333333,0.006666666666666666,0.004,0.008333333333333331,0.03716666666666667,0.002,0.004,4.0
39,0.02791904761904762,0.001,0.010666666666666666,0.03433333333333333,0.042,0.006666666666666666,0.007,0.015,0.0,0.8504142857142857,0.0,0.005,9.0
40,0.047,0.004,0.018533333333333332,0.02264285714285714,0.18515714285714285,0.014666666666666666,0.01,0.027,0.004,0.6623333333333332,0.0026666666666666666,0.002,9.0
41,0.0,0.994,0.001,0.0,0.0,0.0,0.0,0.001,0.0,0.004,0.0,0.0,1.0
42,0.0,0.998,0.0,0.0,0.0,0.0,0.0,0.002,0.0,0.0,0.0,0.0,1.0
43,0.912,0.0,0.006333333333333333,0.03133333333333333,0.018,0.0036666666666666666,0.008,0.002,0.0026666666666666666,0.01,0.0,0.006,0.0
44,0.0016666666666666666,0.002,0.005666666666666666,0.011833333333333335,0.0,0.0,0.01,0.1265,0.004,0.0026666666666666666,0.010666666666666668,0.8249999999999998,11.0
45,0.001,0.0,0.003,0.002,0.0,0.0,0.9666666666666667,0.007333333333333333,0.0,0.0,0.012,0.008,6.0
46,0.0,0.0,0.007,0.014,0.003,0.007,0.933,0.016,0.0,0.002,0.010333333333333332,0.007666666666666666,6.0
47,0.0028,0.0,0.003,0.002,0.0,0.0062,0.005,0.004,0.958,0.002,0.001,0.016,8.0
48,0.003,0.0016666666666666666,0.035,0.008,0.002,0.008,0.006333333333333333,0.006666666666666666,0.8726666666666666,0.008999999999999998,0.002,0.04566666666666666,8.0
49,0.018,0.005,0.027333333333333334,0.042,0.008,0.016,0.019,0.7795,0.01,0.03166666666666666,0.012333333333333333,0.03116666666666667,7.0
50,0.4083333333333334,0.0,0.011666666666666665,0.05566666666666667,0.41483333333333333,0.013666666666666666,0.005166666666666666,0.005,0.007,0.06966666666666667,0.002,0.007,0.0
51,0.0,0.9993333333333334,0.0,0.0,0.0,0.0,0.0,0.0,0.0,0.0,0.0,0.0006666666666666666,1.0
52,0.0,0.994,0.002,0.0,0.0,0.002,0.002,0.0,0.0,0.0,0.0,0.0,1.0
53,0.6653333333333333,0.0,0.030333333333333334,0.09583333333333333,0.04383333333333333,0.029,0.043166666666666666,0.0215,0.002,0.06666666666666665,0.0,0.002333333333333333,0.0
54,0.0,0.0,0.0,0.0,0.002,0.0,0.989,0.004,0.0,0.001,0.002,0.002,6.0
55,0.06770000000000001,0.12193333333333332,0.13253333333333334,0.11800000000000001,0.083,0.043666666666666666,0.056666666666666664,0.082,0.013,0.2165,0.04566666666666666,0.01933333333333333,1.0
56,0.001,0.0,0.987,0.001,0.002,0.003,0.0,0.0,0.006,0.0,0.0,0.0,2.0
57,0.04133333333333333,0.004,0.07933333333333333,0.07866666666666666,0.027666666666666666,0.02,0.005,0.015666666666666666,0.6586666666666667,0.021,0.002,0.04666666666666667,8.0
58,0.0,0.0,0.0,0.002,0.0,0.0,0.0635,0.0,0.0,0.0,0.0,0.9345,11.0
59,0.004,0.002,0.01,0.014,0.0,0.0,0.0,0.002,0.9416666666666667,0.001,0.0,0.025333333333333333,8.0
60,0.002,0.0,0.0,0.002,0.004,0.003,0.002,0.002,0.969,0.001,0.0,0.015,8.0
61,0.8716666666666667,0.0,0.013,0.027,0.04166666666666667,0.0,0.012666666666666666,0.006666666666666667,0.0,0.023,0.0,0.004333333333333333,0.0
62,0.6691666666666667,0.001,0.07933333333333333,0.10083333333333334,0.045,0.017333333333333333,0.006666666666666667,0.013200000000000002,0.009333333333333332,0.05733333333333333,0.0,0.0008,0.0
63,0.003,0.002,0.002,0.006,0.003,0.006,0.951,0.01,0.0,0.005,0.006,0.005999999999999999,6.0
64,0.004,0.004,0.5361666666666668,0.0175,0.002,0.013666666666666667,0.005333333333333333,0.006,0.011,0.012,0.0036,0.38473333333333337,2.0
65,0.0006666666666666666,0.0,0.0,0.001,0.0,0.0,0.0,0.0,0.9963333333333334,0.0,0.0,0.002,8.0
66,0.102,0.0,0.695,0.08566666666666665,0.04433333333333333,0.013333333333333334,0.006666666666666667,0.012666666666666666,0.007,0.017333333333333333,0.0,0.016,2.0
67,0.001,0.003,0.004,0.002,0.002,0.004,0.009,0.0055,0.0,0.0,0.9533333333333333,0.01616666666666667,10.0
68,0.0,0.0,0.0,0.002,0.001,0.001,0.9806666666666666,0.006,0.0,0.0,0.002,0.007333333333333333,6.0
69,0.06,0.004,0.6731666666666666,0.09950000000000002,0.067,0.008,0.004,0.007,0.018,0.03833333333333333,0.006,0.015,2.0
70,0.013333333333333332,0.008199999999999999,0.026000000000000002,0.06566666666666665,0.002,0.010333333333333332,0.043,0.016466666666666668,0.0026666666666666666,0.016666666666666663,0.694,0.10166666666666667,10.0
71,0.036,0.001,0.029,0.7433333333333333,0.03916666666666666,0.03333333333333333,0.006333333333333333,0.020666666666666667,0.006666666666666666,0.07799999999999999,0.0045,0.002,3.0
72,0.06116666666666666,0.0065,0.038700000000000005,0.09233333333333334,0.03583333333333333,0.044,0.09366666666666666,0.48699999999999993,0.004,0.0985,0.005666666666666666,0.032633333333333334,7.0
73,0.027999999999999997,0.0,0.798,0.045666666666666675,0.004,0.008,0.008,0.007,0.005666666666666666,0.029333333333333333,0.014333333333333333,0.052,2.0
74,0.033,0.013166666666666669,0.048333333333333346,0.052333333333333336,0.029666666666666668,0.07133333333333333,0.563,0.08466666666666667,0.004666666666666666,0.07300000000000001,0.015666666666666666,0.011166666666666667,6.0
75,0.002,0.0,0.963,0.004,0.004,0.004,0.003,0.0,0.01,0.004,0.002,0.004,2.0
76,0.0565,0.0,0.05526666666666667,0.10039999999999999,0.03433333333333333,0.020666666666666667,0.011666666666666665,0.020500000000000004,0.005,0.6546666666666667,0.0145,0.026499999999999996,9.0
77,0.0013333333333333333,0.0012,0.0,0.007,0.0,0.004666666666666666,0.04666666666666666,0.0058,0.004,0.0026666666666666666,0.010333333333333333,0.9163333333333333,11.0
78,0.08416666666666665,0.0,0.06333333333333334,0.731,0.0405,0.03266666666666667,0.005,0.008,0.011666666666666665,0.013666666666666666,0.006,0.004,3.0
79,0.0026666666666666666,0.009,0.011,0.012666666666666666,0.001,0.007,0.009666666666666667,0.9186666666666666,0.004,0.009333333333333332,0.004,0.011,7.0
80,0.08200000000000002,0.008666666666666666,0.06916666666666667,0.08516666666666667,0.12786666666666668,0.5117999999999999,0.022333333333333334,0.016666666666666663,0.01,0.037,0.009333333333333332,0.02,5.0
81,0.027666666666666666,0.005,0.006999999999999999,0.872,0.006,0.005333333333333333,0.0036666666666666666,0.009,0.0,0.04466666666666667,0.007333333333333333,0.012333333333333332,3.0
82,0.019,0.0,0.008,0.06416666666666666,0.024666666666666667,0.0175,0.005666666666666666,0.012,0.003,0.84,0.003,0.003,9.0
83,0.002,0.002,0.001,0.04366666666666667,0.002,0.001,0.008,0.011,0.005,0.005666666666666667,0.006,0.9126666666666666,11.0
84,0.06533333333333333,0.006,0.06333333333333334,0.1646666666666667,0.034833333333333334,0.019,0.019666666666666666,0.045666666666666654,0.002,0.5000000000000001,0.025833333333333337,0.05366666666666667,9.0
85,0.0,0.0,0.002,0.002,0.002,0.0,0.0,0.0,0.9608333333333332,0.004,0.0,0.029166666666666664,8.0
86,0.133,0.009,0.09,0.5032333333333334,0.07733333333333332,0.06526666666666668,0.014999999999999998,0.02766666666666667,0.019,0.04316666666666667,0.005333333333333333,0.012,3.0
87,0.028666666666666663,0.0,0.017333333333333333,0.038,0.014,0.8553333333333334,0.004,0.0,0.006,0.023666666666666666,0.007,0.006,5.0
88,0.006,0.003333333333333333,0.0,0.005,0.0,0.007,0.9616666666666667,0.004,0.0,0.002,0.002,0.009,6.0
89,0.07866666666666666,0.0,0.011,0.06666666666666667,0.03466666666666667,0.011,0.002,0.006,0.006,0.78,0.0,0.004,9.0
90,0.01,0.006,0.008,0.9086666666666667,0.002,0.006,0.001,0.017,0.003333333333333333,0.021333333333333333,0.008,0.008666666666666666,3.0
91,0.0,0.0,0.0,0.0,0.002,0.0,0.053,0.0,0.0,0.0,0.0,0.945,11.0
92,0.0,0.0,0.001,0.0,0.0,0.0,0.0,0.0,0.99,0.0,0.0,0.009,8.0
93,0.033600000000000005,0.0044,0.044,0.07533333333333335,0.005,0.019,0.044,0.6566666666666666,0.009,0.07466666666666667,0.009,0.025333333333333333,7.0
94,0.015333333333333332,0.009333333333333334,0.8756666666666666,0.004,0.024333333333333335,0.015999999999999997,0.002333333333333333,0.004,0.017,0.010999999999999998,0.008666666666666668,0.012333333333333333,2.0
95,0.7646666666666667,0.0012,0.023,0.060333333333333336,0.029466666666666665,0.023,0.017666666666666667,0.012,0.002,0.059666666666666666,0.0,0.007,0.0
96,0.023,0.0,0.007,0.011666666666666665,0.026666666666666665,0.007666666666666667,0.002,0.006,0.0,0.9159999999999999,0.0,0.0,9.0
97,0.004,0.002,0.954,0.017,0.001,0.002,0.0,0.0,0.001,0.006,0.002,0.011,2.0
98,0.17893333333333333,0.004,0.03933333333333333,0.3801666666666667,0.2720000000000001,0.026733333333333335,0.016,0.006333333333333333,0.002,0.0705,0.004,0.0,3.0
99,0.06166666666666666,0.002,0.029333333333333333,0.065,0.7723333333333332,0.025666666666666667,0.005,0.002,0.004,0.03,0.002,0.001,4.0
100,0.005,0.0,0.002,0.0,0.002,0.0,0.004,0.0,0.0,0.004333333333333333,0.961,0.021666666666666664,10.0
101,0.0,0.001,0.0,0.002,0.0,0.0,0.001,0.0,0.0,0.0,0.982,0.014,10.0
102,0.05683333333333334,0.001,0.6058333333333333,0.15716666666666668,0.07333333333333335,0.0315,0.013666666666666666,0.013,0.0013333333333333333,0.04233333333333333,0.0,0.004,2.0
103,0.032,0.005,0.7966666666666667,0.046299999999999994,0.022,0.0112,0.002,0.021,0.0132,0.0215,0.004,0.025133333333333334,2.0
104,0.001,0.0032,0.92,0.0021333333333333334,0.0036666666666666666,0.005,0.004,0.003,0.041,0.002,0.0,0.015,2.0
105,0.004166666666666667,0.003,0.0,0.005,0.002,0.015,0.953,0.007,0.0,0.005833333333333333,0.003,0.002,6.0
106,0.0,0.0,0.0,0.0,0.002,0.0,0.02,0.0,0.0,0.0,0.0,0.978,11.0
107,0.0,0.001,0.965,0.009,0.002,0.002,0.0,0.008,0.006,0.007,0.0,0.0,2.0
108,0.007,0.0,0.941,0.026,0.001,0.007,0.004,0.001,0.003,0.007,0.002,0.001,2.0
109,0.033,0.003,0.015,0.03316666666666667,0.05983333333333333,0.8061666666666666,0.008,0.005333333333333333,0.002,0.0305,0.002,0.002,5.0
110,0.002,0.001,0.006666666666666666,0.008,0.001,0.002,0.0,0.002,0.003,0.001,0.8771666666666668,0.09616666666666665,10.0
111,0.022166666666666668,0.0,0.005333333333333333,0.012,0.06953333333333334,0.005666666666666666,0.004,0.002,0.0,0.8755,0.001,0.0028,9.0
112,0.0,0.998,0.0,0.0,0.0,0.0,0.002,0.0,0.0,0.0,0.0,0.0,1.0
113,0.061566666666666665,0.002,0.026666666666666665,0.03493333333333334,0.1355,0.027666666666666666,0.007,0.017,0.01,0.6776666666666666,0.0,0.0,9.0
114,0.010666666666666666,0.0,0.004,0.008,0.002,0.002,0.002,0.9563333333333333,0.002,0.004,0.003,0.006,7.0
115,0.018666666666666665,0.003,0.03766666666666667,0.07383333333333333,0.034,0.020333333333333335,0.025,0.6791666666666667,0.004833333333333333,0.07333333333333335,0.003,0.027166666666666665,7.0
116,0.029333333333333336,0.002,0.8336666666666667,0.029666666666666668,0.02733333333333333,0.021,0.002,0.014666666666666666,0.016,0.006333333333333333,0.001,0.017,2.0
117,0.02,0.011,0.018999999999999996,0.028666666666666667,0.006666666666666667,0.022,0.019,0.821,0.003333333333333333,0.020666666666666663,0.005,0.02366666666666667,7.0
118,0.0,0.989,0.0,0.0,0.0,0.0,0.004,0.002,0.0,0.0,0.0,0.005,1.0
119,0.029333333333333336,0.0,0.013,0.016,0.06633333333333334,0.015,0.002333333333333333,0.004,0.0,0.85,0.0,0.004,9.0
120,0.02733333333333333,0.004666666666666667,0.6875333333333333,0.08933333333333333,0.020666666666666663,0.017666666666666664,0.02266666666666667,0.02546666666666667,0.03133333333333333,0.022533333333333332,0.003,0.047799999999999995,2.0
121,0.167,0.002,0.028333333333333335,0.6539999999999999,0.04666666666666666,0.0225,0.015833333333333335,0.017666666666666667,0.003333333333333333,0.03166666666666667,0.001,0.01,3.0
122,0.014333333333333332,0.0036666666666666666,0.0,0.009,0.007,0.005,0.01,0.9270000000000002,0.0,0.016,0.0,0.008,7.0
123,0.0,0.004,0.006,0.0006666666666666666,0.0,0.0013333333333333333,0.006,0.004,0.0,0.0,0.964,0.014,10.0
124,0.0075,0.002,0.936,0.014333333333333332,0.0115,0.005333333333333333,0.002,0.006,0.004,0.007333333333333333,0.0,0.004,2.0
125,0.004,0.004,0.013333333333333332,0.001,0.0006666666666666666,0.008,0.001,0.9459999999999998,0.002,0.008,0.0,0.012,7.0
126,0.022,0.004,0.009666666666666667,0.031,0.8865,0.011333333333333332,0.002,0.002,0.002,0.0295,0.0,0.0,4.0
127,0.008,0.004333333333333333,0.001,0.0016666666666666666,0.002,0.012,0.935,0.008,0.0,0.004,0.0,0.024,6.0
128,0.0,0.988,0.0,0.0,0.0,0.0006666666666666666,0.003333333333333333,0.0026666666666666666,0.003333333333333333,0.0,0.0,0.002,1.0
129,0.0,0.004,0.001,0.006,0.002,0.0,0.016,0.2045,0.0,0.002,0.013333333333333334,0.7511666666666666,11.0
130,0.018666666666666668,0.0,0.018,0.9203333333333332,0.008,0.0,0.004,0.007,0.004,0.013,0.0,0.007,3.0
131,0.002,0.0,0.006,0.001,0.002,0.002333333333333333,0.0006666666666666666,0.0,0.974,0.001,0.0,0.011000000000000001,8.0
132,0.0,0.99,0.0,0.0,0.0,0.0,0.0,0.002,0.0,0.0,0.004,0.004,1.0
133,0.02366666666666667,0.009333333333333334,0.0272,0.7416666666666667,0.03,0.011,0.023,0.014833333333333334,0.007333333333333333,0.04446666666666667,0.015166666666666667,0.052333333333333336,3.0
134,0.0,0.0,0.0,0.0,0.002,0.002,0.024666666666666663,0.0,0.0,0.0,0.0013333333333333333,0.97,11.0
135,0.0,0.0,0.0,0.0,0.0,0.0,0.024666666666666663,0.003333333333333333,0.0,0.0,0.002,0.97,11.0
136,0.012533333333333334,0.019,0.15966666666666668,0.07446666666666667,0.010333333333333332,0.005666666666666666,0.02266666666666667,0.03013333333333333,0.566,0.043866666666666665,0.013,0.04266666666666667,8.0
137,0.138,0.01,0.09166666666666666,0.4358333333333333,0.008,0.037,0.033333333333333326,0.05483333333333334,0.012666666666666668,0.08566666666666667,0.017,0.076,3.0
138,0.0,1.0,0.0,0.0,0.0,0.0,0.0,0.0,0.0,0.0,0.0,0.0,1.0
139,0.04406666666666667,0.025333333333333333,0.10333333333333333,0.18120000000000003,0.049333333333333326,0.1529,0.06216666666666666,0.10363333333333334,0.026866666666666667,0.232,0.0115,0.007666666666666666,5.0
140,0.098,0.006,0.045666666666666654,0.079,0.5729333333333334,0.102,0.007,0.008,0.004,0.07,0.0014,0.006,4.0
141,0.8216,0.0,0.009333333333333334,0.069,0.052333333333333336,0.006666666666666667,0.0016666666666666666,0.008400000000000001,0.0,0.02733333333333333,0.0036666666666666666,0.0,0.0
142,0.007,0.0,0.0,0.001,0.0,0.0,0.954,0.004,0.0,0.006,0.01,0.018,6.0
143,0.017666666666666664,0.002,0.8912666666666667,0.0217,0.007666666666666667,0.0112,0.001,0.003,0.014166666666666666,0.020333333333333335,0.002,0.008,2.0
144,0.004,0.001,0.944,0.011,0.006,0.007,0.006,0.004,0.009,0.005,0.0,0.003,2.0
145,0.05116666666666667,0.0,0.033,0.0975,0.7381666666666666,0.02683333333333333,0.006,0.002,0.003333333333333333,0.0295,0.004,0.0085,4.0
146,0.023,0.006333333333333333,0.013,0.0252,0.006,0.0055,0.862,0.017166666666666663,0.0,0.0188,0.008,0.015,6.0
147,0.005,0.01,0.017,0.0,0.008666666666666668,0.003333333333333333,0.019666666666666666,0.888,0.006333333333333333,0.019,0.005,0.018,7.0
148,0.002,0.0,0.0,0.0,0.0,0.0,0.033,0.0,0.0,0.0,0.0013333333333333333,0.9636666666666668,11.0
149,0.0,0.0,0.008,0.972,0.0,0.0,0.002,0.002,0.0,0.015,0.0,0.001,3.0
150,0.004,0.0,0.013,0.944,0.011,0.0013333333333333333,0.0,0.0055,0.0,0.0185,0.0,0.0026666666666666666,3.0
151,0.466,0.004,0.05516666666666666,0.19400000000000003,0.07686666666666667,0.017,0.01933333333333333,0.005,0.007333333333333333,0.12743333333333334,0.009,0.018866666666666667,0.0
152,0.006,0.002,0.002,0.0095,0.004,0.002,0.01,0.3065,0.002,0.003,0.006,0.647,11.0
153,0.013,0.0,0.0145,0.9355,0.007,0.0,0.002,0.005333333333333333,0.004,0.008,0.003,0.007666666666666667,3.0
154,0.017,0.005333333333333333,0.6375,0.044666666666666674,0.01,0.022333333333333337,0.004,0.012666666666666666,0.025833333333333333,0.029,0.005666666666666666,0.18599999999999997,2.0
155,0.002,0.0035,0.005,0.005,0.0025,0.008333333333333331,0.8801666666666668,0.008333333333333331,0.0013333333333333333,0.01,0.012166666666666666,0.06166666666666666,6.0
156,0.0145,0.006,0.069,0.025333333333333333,0.003,0.009,0.008666666666666666,0.021833333333333337,0.575,0.007333333333333333,0.009,0.25133333333333335,8.0
157,0.0,0.002,0.0,0.005,0.002,0.002,0.97,0.006,0.0,0.002,0.003,0.008,6.0
158,0.0,0.996,0.001,0.0,0.0,0.0,0.001,0.0,0.0,0.0,0.0,0.002,1.0
159,0.014333333333333333,0.0026666666666666666,0.022,0.037333333333333336,0.016833333333333336,0.013,0.011,0.8244999999999999,0.003,0.018,0.008,0.029333333333333333,7.0
160,0.7456666666666666,0.004,0.036,0.06733333333333334,0.015166666666666667,0.034,0.0125,0.023333333333333334,0.007333333333333333,0.052,0.0,0.0026666666666666666,0.0
161,0.0,0.0,0.0,0.002,0.0,0.0,0.002,0.0,0.002,0.0,0.987,0.007,10.0
162,0.0,0.002,0.009,0.004,0.0,0.005,0.0,0.0,0.9586666666666668,0.001,0.0,0.02033333333333333,8.0
163,0.06833333333333334,0.001,0.042,0.051666666666666666,0.7446666666666666,0.025166666666666664,0.002333333333333333,0.007,0.008,0.04283333333333333,0.002,0.005,4.0
164,0.004,0.003,0.007,0.014,0.005,0.001,0.014999999999999998,0.002333333333333333,0.0,0.007,0.888,0.05366666666666667,10.0
165,0.0,0.006,0.0,0.0,0.0,0.002,0.964,0.01,0.0,0.0,0.004,0.014,6.0
166,0.011666666666666665,0.002,0.047,0.8348666666666666,0.005999999999999999,0.005,0.006,0.025666666666666667,0.0018,0.05266666666666667,0.003333333333333333,0.004,3.0
167,0.02366666666666667,0.001,0.0175,0.03883333333333334,0.034666666666666665,0.008333333333333333,0.001,0.008,0.006,0.852,0.0,0.009,9.0
168,0.0,0.9856666666666666,0.002,0.0026666666666666666,0.002,0.0,0.002,0.0,0.0,0.0,0.0,0.005666666666666666,1.0
169,0.125,0.0,0.06416666666666666,0.09016666666666666,0.5213333333333334,0.05266666666666667,0.009333333333333332,0.009,0.006,0.11033333333333332,0.003,0.009,4.0
170,0.03866666666666666,0.005,0.05266666666666667,0.04386666666666667,0.5998666666666665,0.06266666666666668,0.012333333333333332,0.0211,0.003,0.15233333333333335,0.006,0.0025,4.0
171,0.012666666666666666,0.0025,0.0085,0.0158,0.002,0.0172,0.6541,0.018,0.008,0.011999999999999999,0.0145,0.23473333333333335,6.0
172,0.07333333333333335,0.002,0.10579999999999999,0.18633333333333332,0.5333333333333333,0.044866666666666666,0.004,0.010333333333333332,0.003333333333333333,0.03166666666666667,0.0,0.005,4.0
173,0.07583333333333332,0.006666666666666666,0.08183333333333334,0.141,0.08653333333333334,0.44403333333333334,0.03,0.025633333333333334,0.0195,0.05266666666666667,0.005,0.0313,5.0
174,0.006333333333333333,0.0,0.019,0.9126666666666667,0.018,0.008,0.001,0.003333333333333333,0.0,0.025,0.004666666666666666,0.002,3.0
175,0.0,1.0,0.0,0.0,0.0,0.0,0.0,0.0,0.0,0.0,0.0,0.0,1.0
176,0.06,0.0,0.09316666666666666,0.6961333333333333,0.028333333333333332,0.0145,0.003,0.013333333333333332,0.005666666666666666,0.05386666666666667,0.014,0.018,3.0
177,0.07966666666666668,0.017666666666666664,0.17953333333333332,0.2707666666666667,0.11933333333333335,0.1438333333333333,0.02366666666666667,0.017,0.034,0.046,0.029,0.03953333333333334,3.0
178,0.028,0.006,0.023,0.06766666666666665,0.012166666666666666,0.017333333333333336,0.024,0.7501666666666668,0.002,0.042333333333333334,0.005,0.022333333333333337,7.0
179,0.009666666666666665,0.002,0.9298333333333333,0.003333333333333333,0.012999999999999998,0.007666666666666666,0.005,0.0,0.01,0.003,0.0,0.0165,2.0
180,0.08766666666666666,0.002333333333333333,0.036,0.07133333333333333,0.6403333333333334,0.03966666666666666,0.01566666666666667,0.003,0.0,0.101,0.002,0.001,4.0
181,0.017666666666666667,0.002,0.024,0.04716666666666667,0.06566666666666666,0.7803333333333333,0.01916666666666667,0.015,0.0,0.014,0.004,0.011,5.0
182,0.03936666666666667,0.001,0.027466666666666667,0.03546666666666667,0.6853333333333332,0.07166666666666666,0.011966666666666667,0.005533333333333333,0.0,0.1072,0.006,0.009,4.0
183,0.04766666666666666,0.015333333333333332,0.12366666666666666,0.10549999999999998,0.055,0.47836666666666666,0.03866666666666666,0.019633333333333332,0.019,0.021666666666666667,0.04,0.0355,5.0
184,0.029000000000000005,0.0345,0.5268333333333334,0.08966666666666666,0.05333333333333334,0.126,0.0195,0.0055,0.025666666666666667,0.029333333333333333,0.01,0.050666666666666665,2.0
185,0.051166666666666666,0.0,0.653,0.07533333333333334,0.04283333333333333,0.06,0.009833333333333333,0.02,0.024333333333333332,0.0455,0.006666666666666666,0.011333333333333332,2.0
186,0.055466666666666664,0.0012,0.04466666666666667,0.08333333333333333,0.11066666666666668,0.6308666666666666,0.0115,0.0125,0.005,0.04,0.0,0.0048,5.0
187,0.0,0.002,0.0,0.002,0.0,0.002,0.063,0.002,0.0,0.0,0.004,0.925,11.0
188,0.050666666666666665,0.003,0.08866666666666666,0.08966666666666669,0.16183333333333333,0.5155,0.017333333333333333,0.008333333333333331,0.008,0.031,0.009,0.017,5.0
189,0.004,0.005,0.0,0.002,0.0,0.0,0.949,0.001,0.001,0.005,0.0,0.033,6.0
190,0.13643333333333335,0.002,0.020666666666666663,0.07856666666666666,0.0355,0.045166666666666674,0.007999999999999998,0.01,0.004,0.651,0.002,0.006666666666666667,9.0
191,0.014666666666666666,0.005,0.022,0.043,0.0054666666666666665,0.008333333333333331,0.03,0.8191999999999999,0.006333333333333333,0.02733333333333333,0.003,0.015666666666666666,7.0
192,0.004,0.0,0.988,0.0,0.0,0.006,0.0,0.0,0.0,0.002,0.0,0.0,2.0
193,0.004666666666666667,0.8585,0.011,0.013,0.003,0.022,0.017833333333333336,0.016333333333333335,0.017,0.006,0.007,0.023666666666666666,1.0
194,0.0,0.001,0.001,0.002,0.0,0.004,0.0,0.002,0.0,0.0,0.982,0.008,10.0
195,0.017,0.017,0.0616,0.02553333333333333,0.07426666666666666,0.6994666666666666,0.009800000000000001,0.013,0.029333333333333333,0.021666666666666664,0.010666666666666666,0.020666666666666667,5.0
196,0.004666666666666667,0.0013333333333333333,0.9383333333333334,0.017333333333333336,0.011666666666666665,0.01,0.001,0.0,0.002,0.004,0.003,0.006666666666666666,2.0
197,0.126,0.0,0.0408,0.08933333333333333,0.07206666666666667,0.036,0.014666666666666668,0.028666666666666667,0.003,0.5771333333333333,0.0,0.012333333333333332,9.0
198,0.002,0.005,0.004,0.002,0.0,0.018,0.939,0.014333333333333333,0.0,0.0013333333333333333,0.009666666666666665,0.004666666666666666,6.0
199,0.0,0.008333333333333331,0.003,0.0036666666666666666,0.0,0.0006666666666666666,0.003,0.004,0.35266666666666663,0.0,0.0013333333333333333,0.6233333333333334,11.0
200,0.0135,0.002333333333333333,0.048666666666666664,0.018833333333333334,0.0036666666666666666,0.008,0.0036666666666666666,0.009333333333333332,0.825,0.0036666666666666666,0.004666666666666666,0.05866666666666667,8.0
201,0.0006666666666666666,0.004,0.0,0.0,0.0,0.0013333333333333333,0.003,0.0,0.0,0.001,0.936,0.054,10.0
202,0.0,0.0,0.0,0.992,0.0,0.0,0.003333333333333333,0.0,0.0006666666666666666,0.004,0.0,0.0,3.0
203,0.0,0.0,0.004,0.0,0.0,0.0,0.003,0.0,0.0,0.0,0.964,0.029,10.0
204,0.08833333333333335,0.001,0.08091666666666665,0.6060833333333333,0.02,0.07953333333333333,0.012,0.029333333333333336,0.004,0.045,0.005,0.0288,3.0
205,0.002,0.0,0.0,0.0,0.0,0.0,0.992,0.001,0.0,0.002,0.001,0.002,6.0
206,0.0,0.0,0.002,0.004,0.0,0.0013333333333333333,0.0,0.0,0.9796666666666666,0.002,0.0,0.011,8.0
207,0.023833333333333335,0.007,0.0145,0.045,0.011,0.01933333333333333,0.7911666666666666,0.021833333333333333,0.0,0.017333333333333336,0.01,0.039,6.0
208,0.0026666666666666666,0.002,0.9246666666666666,0.012333333333333333,0.002,0.0,0.0,0.003333333333333333,0.005,0.008,0.002,0.038,2.0
209,0.0,1.0,0.0,0.0,0.0,0.0,0.0,0.0,0.0,0.0,0.0,0.0,1.0
210,0.005,0.003,0.008,0.0085,0.01,0.9463333333333334,0.0,0.002,0.006,0.0015,0.0,0.009666666666666667,5.0
211,0.002,0.008,0.002,0.004,0.0,0.005333333333333333,0.007,0.007,0.0,0.0013333333333333333,0.935,0.028333333333333332,10.0
212,0.15930000000000002,0.014,0.059,0.08516666666666667,0.028133333333333337,0.027,0.1382,0.3665333333333334,0.002,0.08366666666666667,0.011333333333333332,0.025666666666666664,7.0
213,0.0255,0.003,0.8236666666666667,0.079,0.010166666666666666,0.005,0.01,0.006333333333333333,0.018,0.012,0.0,0.007333333333333333,2.0
214,0.0,0.988,0.0,0.0,0.0,0.002,0.0,0.003333333333333333,0.0006666666666666666,0.004,0.0,0.002,1.0
215,0.0,0.0,0.006,0.0,0.0,0.002,0.0,0.0,0.9685,0.0,0.0,0.0235,8.0
216,0.1423333333333333,0.012333333333333332,0.23116666666666666,0.22466666666666668,0.06333333333333334,0.057666666666666665,0.06816666666666667,0.054,0.004,0.07433333333333333,0.015666666666666666,0.05233333333333333,2.0
217,0.020666666666666667,0.021333333333333336,0.09106666666666664,0.058666666666666666,0.04533333333333334,0.03533333333333333,0.04650000000000001,0.16076666666666667,0.04133333333333333,0.45033333333333336,0.014666666666666666,0.014,9.0
218,0.005666666666666667,0.7428333333333332,0.031999999999999994,0.015833333333333335,0.007,0.038,0.027,0.033133333333333334,0.015666666666666666,0.0112,0.020666666666666663,0.051,1.0
219,0.011666666666666665,0.022,0.017,0.019,0.002,0.006,0.026333333333333337,0.8246666666666668,0.0,0.014666666666666668,0.006666666666666667,0.05,7.0
220,0.009166666666666667,0.004,0.004,0.0095,0.007333333333333333,0.0075,0.012,0.9155,0.004,0.003,0.008,0.016,7.0
221,0.0,0.0,0.0,0.004,0.002,0.003,0.027,0.002,0.0,0.002,0.933,0.027,10.0
222,0.038,0.005,0.03833333333333334,0.1755,0.02666666666666667,0.03133333333333333,0.007,0.022,0.005,0.6273333333333334,0.001,0.022833333333333337,9.0
223,0.0,0.002,0.002,0.0045,0.001,0.004666666666666666,0.006,0.004,0.004,0.001,0.8535,0.11733333333333333,10.0
224,0.0,0.0,0.0,0.0,0.0,0.0,0.014,0.0,0.0,0.0,0.002,0.984,11.0
225,0.06433333333333334,0.0,0.0352,0.79,0.03266666666666666,0.018333333333333333,0.010466666666666668,0.009,0.003,0.028,0.0,0.009,3.0
226,0.007,0.0,0.019,0.012,0.026333333333333334,0.919,0.002,0.0,0.007,0.004,0.0006666666666666666,0.003,5.0
227,0.011,0.8003333333333333,0.02366666666666667,0.016666666666666663,0.006333333333333333,0.008,0.033,0.038,0.006,0.017,0.017,0.023,1.0
228,0.0006666666666666666,0.0,0.994,0.003333333333333333,0.0,0.0,0.0,0.0,0.002,0.0,0.0,0.0,2.0
229,0.008,0.003,0.04533333333333333,0.01,0.02,0.8305,0.007666666666666666,0.014,0.0385,0.002,0.004,0.017,5.0
230,0.0026666666666666666,0.0,0.0006666666666666666,0.0013333333333333333,0.002,0.0,0.004,0.001,0.0,0.0,0.946,0.04233333333333333,10.0
231,0.006,0.001,0.002,0.009,0.002,0.006,0.002,0.004,0.959,0.005,0.002,0.002,8.0
232,0.1343333333333333,0.0,0.028999999999999998,0.43566666666666665,0.16349999999999998,0.08914285714285713,0.012833333333333334,0.013523809523809523,0.008,0.10366666666666667,0.005,0.005333333333333333,3.0
233,0.015,0.005333333333333333,0.019666666666666666,0.6853333333333333,0.034333333333333334,0.011333333333333332,0.0006666666666666666,0.007666666666666666,0.003,0.205,0.003333333333333333,0.009333333333333332,3.0
234,0.057999999999999996,0.007,0.06516666666666665,0.5763333333333333,0.14383333333333334,0.03266666666666666,0.006,0.024,0.002,0.05833333333333333,0.011,0.015666666666666666,3.0
235,0.001,0.0,0.0,0.003,0.002,0.0,0.0,0.0,0.0,0.0,0.96,0.034,10.0
236,0.15,0.005666666666666666,0.11833333333333335,0.232,0.06133333333333333,0.04066666666666667,0.04766666666666666,0.07483333333333334,0.002,0.2341666666666667,0.014,0.019333333333333334,9.0
237,0.8176666666666667,0.002,0.014,0.044,0.040999999999999995,0.024666666666666663,0.011333333333333334,0.006333333333333333,0.006,0.029,0.002,0.002,0.0
238,0.0571,0.005,0.5825,0.11133333333333333,0.036533333333333334,0.0363,0.026,0.0145,0.008,0.05733333333333333,0.01,0.0554,2.0
239,0.028,0.013333333333333332,0.03566666666666667,0.13349999999999998,0.020000000000000004,0.021666666666666664,0.031166666666666665,0.5306666666666666,0.023,0.115,0.006,0.042,7.0
240,0.081,0.002833333333333333,0.038,0.10250000000000001,0.4296666666666667,0.032833333333333325,0.010666666666666668,0.019333333333333334,0.0,0.2706666666666666,0.0013333333333333333,0.011166666666666667,4.0
241,0.0152,0.008,0.07666666666666667,0.0255,0.010333333333333333,0.028666666666666667,0.014666666666666666,0.005,0.31499999999999995,0.015333333333333332,0.022666666666666665,0.46296666666666664,8.0
242,0.008,0.0,0.01983333333333333,0.021066666666666668,0.03326666666666667,0.8843333333333334,0.003,0.008,0.0,0.014,0.0055,0.003,5.0
243,0.002,0.0,0.98,0.004,0.002,0.0,0.002,0.001,0.004,0.0,0.0,0.005,2.0
244,0.03699999999999999,0.002,0.02,0.05346666666666667,0.5587333333333333,0.12953333333333336,0.013333333333333334,0.023933333333333334,0.003,0.1386666666666667,0.008666666666666668,0.011666666666666665,4.0
245,0.0035,0.009,0.005,0.006,0.002,0.003333333333333333,0.7866666666666666,0.04166666666666667,0.0,0.006333333333333333,0.029999999999999995,0.1065,6.0
246,0.1825,0.001,0.06533333333333333,0.14,0.42,0.07566666666666667,0.0165,0.008666666666666666,0.004,0.06733333333333333,0.007,0.012,4.0
247,0.09766666666666667,0.001,0.015666666666666666,0.093,0.034,0.0095,0.006666666666666666,0.006,0.004,0.7271666666666667,0.0,0.005333333333333333,9.0
248,0.043166666666666666,0.0,0.7633333333333333,0.043666666666666666,0.027,0.034666666666666665,0.018,0.027,0.009,0.017666666666666664,0.0035,0.013,2.0
249,0.002,0.0,0.0,0.0,0.0,0.0,0.0,0.0,0.99,0.0,0.0,0.008,8.0
250,0.009,0.0062,0.011,0.012,0.003,0.004,0.02,0.007333333333333334,0.0,0.004,0.8258,0.09766666666666665,10.0
251,0.006,0.002,0.005666666666666666,0.0006666666666666666,0.0,0.0,0.016,0.0016666666666666666,0.0,0.0025,0.9423333333333334,0.023166666666666665,10.0
252,0.003,0.0,0.0422,0.9123333333333332,0.0,0.0054666666666666665,0.0,0.004,0.002,0.009666666666666665,0.0013333333333333333,0.02,3.0
253,0.003,0.0,0.005,0.002,0.0,0.0075,0.9449999999999998,0.01933333333333333,0.004,0.0095,0.0036666666666666666,0.001,6.0
254,0.0,0.99,0.0,0.0,0.002,0.0,0.004,0.002,0.0,0.002,0.0,0.0,1.0
255,0.08553333333333334,0.001,0.10033333333333333,0.6246333333333334,0.0135,0.014333333333333332,0.022,0.05299999999999999,0.0026666666666666666,0.038000000000000006,0.01,0.035,3.0
256,0.0,0.994,0.0,0.002,0.0,0.0,0.0,0.0,0.0,0.0,0.004,0.0,1.0
257,0.002,0.003,0.002,0.0,0.0,0.002,0.002,0.0,0.002,0.0,0.976,0.011,10.0
258,0.002,0.002,0.0,0.0,0.0,0.001,0.989,0.002,0.0,0.0,0.002,0.002,6.0
259,0.0038,0.011,0.008333333333333333,0.005,0.0016666666666666666,0.0105,0.8476666666666667,0.0085,0.003,0.004,0.007533333333333333,0.089,6.0
260,0.0,0.9933333333333334,0.0,0.0,0.0,0.001,0.002,0.0,0.001,0.002,0.0,0.0006666666666666666,1.0
261,0.059333333333333335,0.002,0.01916666666666667,0.7188,0.09753333333333333,0.016,0.008333333333333331,0.007,0.002333333333333333,0.0585,0.006,0.005,3.0
262,0.002,0.0,0.002,0.002,0.007,0.004,0.012,0.948,0.004,0.013,0.002,0.004,7.0
263,0.011333333333333332,0.7283333333333334,0.03633333333333333,0.021333333333333336,0.006,0.024,0.014,0.052533333333333335,0.025666666666666667,0.019,0.029166666666666667,0.032299999999999995,1.0
264,0.0407,0.035,0.0065,0.022333333333333334,0.008666666666666666,0.006,0.083,0.0375,0.003,0.0198,0.014333333333333332,0.7231666666666666,11.0
265,0.0,0.0,0.0,0.0,0.0,0.0,0.996,0.0,0.0,0.0,0.0,0.004,6.0
266,0.06883333333333333,0.07133333333333335,0.04353333333333334,0.04466666666666667,0.009466666666666665,0.008333333333333331,0.25516666666666665,0.13253333333333334,0.002,0.06316666666666666,0.06433333333333334,0.23663333333333333,7.0
267,0.1401666666666667,0.003,0.019,0.05366666666666666,0.701,0.010833333333333334,0.016,0.01,0.0,0.03933333333333333,0.005,0.002,4.0
268,0.002,0.0,0.0,0.0,0.0,0.0,0.002,0.0,0.9853333333333334,0.0,0.0,0.010666666666666666,8.0
269,0.0028,0.0,0.012,0.003,0.004,0.0012,0.001,0.0,0.9626666666666668,0.002,0.002,0.009333333333333332,8.0
270,0.08166666666666665,0.066,0.04816666666666666,0.07680952380952381,0.023666666666666666,0.04119047619047619,0.20833333333333331,0.10583333333333333,0.009,0.06766666666666665,0.06583333333333334,0.2058333333333333,3.0
271,0.004,0.002,0.015333333333333334,0.008666666666666666,0.0,0.004,0.0035,0.0035,0.8786666666666667,0.0,0.001,0.07933333333333334,8.0
272,0.004,0.004200000000000001,0.0,0.015,0.001,0.0006666666666666666,0.018,0.20233333333333334,0.003,0.006,0.009300000000000001,0.7364999999999999,11.0
273,0.002,0.98,0.007,0.002,0.001,0.0,0.002,0.0,0.0,0.0,0.002,0.004,1.0
274,0.06733333333333333,0.008666666666666666,0.05908333333333333,0.57375,0.053366666666666666,0.09433333333333332,0.008333333333333333,0.046333333333333344,0.024,0.036333333333333336,0.005333333333333333,0.023133333333333332,3.0
275,0.005666666666666667,0.002,0.005,0.016,0.0,0.002,0.004,0.947,0.002,0.004,0.0013333333333333333,0.011,7.0
276,0.011,0.0,0.0026666666666666666,0.004666666666666666,0.0,0.005666666666666666,0.9450000000000001,0.005,0.002,0.006,0.006,0.012,6.0
277,0.002,0.004,0.0026666666666666666,0.001,0.001,0.004,0.009,0.0,0.0,0.0,0.9613333333333334,0.015,10.0
278,0.015,0.007,0.02333333333333333,0.023066666666666666,0.024000000000000004,0.011666666666666665,0.032,0.8093333333333333,0.001,0.0396,0.002,0.012,7.0
279,0.0,0.002,0.002,0.0,0.0,0.002,0.006,0.0,0.0,0.0,0.0,0.988,11.0
280,0.03266666666666666,0.0,0.051133333333333336,0.7332000000000001,0.03816666666666666,0.025,0.006666666666666666,0.014166666666666666,0.021333333333333333,0.044333333333333336,0.011,0.022333333333333337,3.0
281,0.001,0.0026666666666666666,0.003333333333333333,0.003333333333333333,0.0,0.002,0.059666666666666666,0.002,0.0,0.007,0.007333333333333333,0.9116666666666666,11.0
282,0.032,0.004,0.0155,0.025333333333333336,0.07313333333333333,0.8042,0.006,0.0025,0.003,0.022,0.0,0.012333333333333332,5.0
283,0.018333333333333337,0.0,0.005166666666666666,0.011,0.021666666666666667,0.918,0.0,0.003,0.007,0.009333333333333332,0.0015,0.005,5.0
284,0.016,0.0,0.8634,0.06893333333333333,0.002,0.007666666666666666,0.0,0.006,0.001,0.026333333333333334,0.004,0.004666666666666666,2.0
285,0.004666666666666667,0.0,0.972,0.004,0.0013333333333333333,0.0,0.0,0.004,0.008,0.002,0.002,0.002,2.0
286,0.004,0.002,0.004,0.0,0.0,0.002,0.0,0.002,0.979,0.002,0.0,0.005,8.0
287,0.0,1.0,0.0,0.0,0.0,0.0,0.0,0.0,0.0,0.0,0.0,0.0,1.0
288,0.7518333333333332,0.004,0.02766666666666667,0.074,0.061,0.008,0.003333333333333333,0.008333333333333331,0.007,0.05033333333333333,0.002,0.0025,0.0
289,0.033,0.004,0.05106666666666666,0.1471666666666667,0.025333333333333336,0.021333333333333333,0.026333333333333334,0.03609999999999999,0.02,0.6186666666666667,0.004666666666666667,0.012333333333333333,9.0
290,0.001,0.0,0.0013333333333333333,0.005,0.001,0.0,0.03,0.0006666666666666666,0.0,0.001,0.0,0.96,11.0
291,0.005,0.006,0.15783333333333333,0.013333333333333334,0.0013333333333333333,0.005,0.012,0.007666666666666666,0.012333333333333333,0.003,0.001,0.7754999999999999,11.0
292,0.004,0.002333333333333333,0.0036666666666666666,0.1371666666666667,0.003,0.002,0.007333333333333333,0.008,0.003,0.004,0.009,0.8165,11.0
293,0.0,0.964,0.003333333333333333,0.006,0.0,0.0,0.002,0.003,0.008666666666666668,0.006,0.003,0.004,1.0
294,0.003,0.0,0.9786666666666666,0.001,0.002,0.005333333333333333,0.0,0.0,0.005,0.005,0.0,0.0,2.0
295,0.004,0.0,0.963,0.004,0.009,0.002,0.0,0.002,0.008,0.002,0.0,0.006,2.0
296,0.003,0.002,0.002,0.0,0.0006666666666666666,0.004,0.967,0.006,0.0,0.002,0.005,0.008333333333333331,6.0
297,0.014,0.008,0.004,0.002,0.005,0.019166666666666665,0.7479999999999999,0.026166666666666668,0.006,0.009666666666666665,0.016666666666666666,0.14133333333333334,6.0
298,0.001,0.9642999999999999,0.001,0.0035,0.0,0.0015,0.006,0.002,0.0,0.005,0.0,0.0157,1.0
299,0.0,0.0,0.004,0.002,0.0,0.002,0.0,0.0,0.992,0.0,0.0,0.0,8.0
